[array([ 36., 396.]), [53.271372929615865, 11.17588500763019, 57]]
[array([ 37., 395.]), [53.27138034000035, 11.175871531829069, 57]]
[array([ 38., 395.]), [53.27138000978348, 11.175858658998662, 57]]
[array([ 39., 396.]), [53.271371937984036, 11.175846389432566, 57]]
[array([ 40., 397.]), [53.271363865589116, 11.175834118961335, 57]]
[array([ 41., 398.]), [53.27135579259868, 11.175821847584874, 55]]
[array([ 41., 399.]), [53.27134805065054, 11.17582245211881, 55]]
[array([ 40., 399.]), [53.271348382260236, 11.17583532784009, 57]]
[array([ 39., 399.]), [53.27134871384177, 11.175848202467066, 57]]
[array([ 38., 398.]), [53.271356786361885, 11.175860471759737, 57]]
[array([ 37., 397.]), [53.27136485828657, 11.175872740147412, 57]]
[array([ 36., 396.]), [53.271372929615865, 11.17588500763019, 57]]
[[0, 0], [0, 0, 0]]
[array([ 41., 403.]), [53.271317083726956, 11.1758248701867, 55]]
[array([ 42., 402.]), [53.27132449270812, 11.175811389158056, 55]]
[array([ 43., 401.]), [53.271331902402245, 11.175797906832148, 55]]
[array([ 44., 401.]), [53.271331570053526, 11.175785028023082, 55]]
[array([ 45., 402.]), [53.271323494680324, 11.175772753024685, 55]]
[array([ 46., 404.]), [53.2713076755616, 11.175761082110494, 55]]
[array([ 44., 405.]), [53.27130059989904, 11.175787447212365, 55]]
[array([ 43., 405.]), [53.27130093355656, 11.175800325629483, 55]]
[array([ 42., 404.]), [53.27130900893961, 11.175812598360777, 55]]
[array([ 41., 403.]), [53.271317083726956, 11.1758248701867, 55]]
[[0, 0], [0, 0, 0]]
[array([ 54., 403.]), [53.27131275321352, 11.1756573912628, 55]]
[array([ 55., 403.]), [53.27131241989879, 11.175644500599113, 55]]
[array([ 56., 401.]), [53.27132757966406, 11.17563039687687, 55]]
[array([ 55., 401.]), [53.27132791235206, 11.175643288833228, 55]]
[array([ 54., 403.]), [53.27131275321352, 11.1756573912628, 55]]
[[0, 0], [0, 0, 0]]
[array([ 68., 392.]), [53.271393343892534, 11.175470143052873, 55]]
[array([ 69., 392.]), [53.271393013787865, 11.175457235945656, 55]]
[array([ 68., 393.]), [53.27138559257828, 11.17547075027788, 55]]
[array([ 68., 392.]), [53.271393343892534, 11.175470143052873, 55]]
[[0, 0], [0, 0, 0]]
[array([ 87., 310.]), [53.2720234832758, 11.175174750812149, 55]]
[array([ 88., 309.]), [53.27203094472498, 11.175161204952511, 55]]
[array([ 89., 308.]), [53.27203840689397, 11.175147657786134, 55]]
[array([ 94., 304.]), [53.272067960913304, 11.17508051274474, 55]]
[array([ 95., 304.]), [53.27206765903101, 11.175067568336791, 55]]
[array([ 96., 304.]), [53.27206735712298, 11.175054622825433, 55]]
[array([ 97., 306.]), [53.27205151822315, 11.175042897579686, 55]]
[array([ 97., 307.]), [53.272043749871294, 11.175043508253953, 55]]
[array([ 96., 308.]), [53.27203628485823, 11.175057065140676, 55]]
[array([ 95., 309.]), [53.27202882056547, 11.175070620719268, 55]]
[array([ 94., 310.]), [53.27202135699292, 11.175084174989914, 55]]
[array([ 90., 313.]), [53.27199927533773, 11.175137769062593, 55]]
[array([ 89., 312.]), [53.27200734524722, 11.175150097224165, 55]]
[array([ 88., 311.]), [53.27201541455989, 11.175162424473985, 55]]
[array([ 87., 310.]), [53.2720234832758, 11.175174750812149, 55]]
[[0, 0], [0, 0, 0]]
[array([ 96., 405.]), [53.27128321053761, 11.175116257636178, 55]]
[array([ 97., 404.]), [53.271290635160696, 11.175102711001587, 55]]
[array([ 98., 404.]), [53.271290300295014, 11.175089773167139, 55]]
[array([ 99., 405.]), [53.271282204954524, 11.175077444429009, 55]]
[array([100., 406.]), [53.271274109015316, 11.1750651147791, 55]]
[array([ 99., 406.]), [53.27127444459554, 11.175078054620826, 55]]
[array([ 98., 406.]), [53.271274780147166, 11.175090993360072, 55]]
[array([ 97., 406.]), [53.27127511567021, 11.17510393099698, 55]]
[array([ 96., 405.]), [53.27128321053761, 11.175116257636178, 55]]
[[0, 0], [0, 0, 0]]
[array([103., 402.]), [53.27130414932351, 11.175023846247997, 55]]
[array([108., 401.]), [53.27131024081067, 11.174958500862632, 54]]
[array([108., 402.]), [53.27130247714253, 11.17495911197168, 54]]
[array([108., 403.]), [53.271294713561765, 11.174959723073847, 54]]
[array([107., 404.]), [53.27128728521955, 11.17497328303361, 54]]
[array([106., 405.]), [53.271279857594074, 11.17498684168504, 54]]
[array([105., 406.]), [53.27127243068521, 11.175000399028324, 55]]
[array([104., 406.]), [53.271272766408444, 11.175013344384567, 55]]
[array([103., 406.]), [53.271273102103066, 11.175026288637627, 55]]
[array([103., 405.]), [53.27128086377716, 11.175025678050527, 55]]
[array([103., 404.]), [53.27128862553858, 11.175025067456556, 55]]
[array([103., 403.]), [53.27129638738737, 11.175024456855715, 55]]
[array([103., 402.]), [53.27130414932351, 11.175023846247997, 55]]
[[0, 0], [0, 0, 0]]
[array([  0., 275.]), [53.2723583644731, 11.17779146521405, 54]]
[array([  7., 277.]), [53.27234116770993, 11.177702118239841, 54]]
[array([ 13., 275.]), [53.27235527133666, 11.177623800407588, 54]]
[array([ 15., 274.]), [53.27236256267781, 11.177597535140709, 54]]
[array([ 16., 274.]), [53.272362324825856, 11.177584632185413, 54]]
[array([ 24., 279.]), [53.272321577572114, 11.177483698160533, 54]]
[array([ 25., 279.]), [53.27232133869679, 11.177470790180251, 54]]
[array([ 26., 279.]), [53.27232109981002, 11.177457881582054, 54]]
[array([ 27., 279.]), [53.272320860911826, 11.177444972365905, 54]]
[array([ 28., 279.]), [53.27232062200219, 11.177432062531757, 54]]
[array([ 28., 280.]), [53.272312852806, 11.17743252530958, 54]]
[array([ 28., 281.]), [53.272305083725215, 11.177432988080529, 54]]
[array([ 27., 285.]), [53.27227424857069, 11.177447748288051, 54]]
[array([ 26., 285.]), [53.27227448857386, 11.177460656862566, 54]]
[array([ 22., 285.]), [53.2722754484717, 11.177512284982111, 54]]
[array([ 21., 285.]), [53.272275688417444, 11.177525190467586, 54]]
[array([ 12., 289.]), [53.27224678587051, 11.177643156112445, 54]]
[array([ 11., 290.]), [53.272239261524206, 11.177656515888541, 54]]
[array([  3., 295.]), [53.272202371637434, 11.17776198397878, 54]]
[array([  2., 296.]), [53.272194850637845, 11.177775336560062, 54]]
[array([  1., 295.]), [53.27220285475946, 11.177787768742673, 54]]
[array([  0., 294.]), [53.272210858617, 11.177800200515108, 54]]
[array([  0., 293.]), [53.27221862104608, 11.177799740823835, 54]]
[array([  0., 292.]), [53.27222638359036, 11.177799281125738, 54]]
[array([  0., 291.]), [53.27223414624984, 11.177798821420819, 54]]
[array([  0., 290.]), [53.27224190902457, 11.177798361709076, 54]]
[array([  0., 289.]), [53.2722496719145, 11.177797901990509, 54]]
[array([  0., 288.]), [53.272257434919666, 11.17779744226512, 54]]
[array([  0., 287.]), [53.272265198040046, 11.177796982532907, 54]]
[array([  0., 286.]), [53.27227296127565, 11.177796522793868, 54]]
[array([  0., 285.]), [53.2722807246265, 11.17779606304801, 54]]
[array([  0., 279.]), [53.27232730715151, 11.177793304429533, 54]]
[array([  0., 278.]), [53.27233507130902, 11.1777928446359, 54]]
[array([  0., 277.]), [53.27234283558179, 11.17779238483544, 54]]
[array([  0., 275.]), [53.2723583644731, 11.17779146521405, 54]]
[[0, 0], [0, 0, 0]]
[array([  0., 309.]), [53.27209443600464, 11.177807095065576, 54]]
[array([  1., 309.]), [53.27209419188739, 11.177794205101817, 54]]
[array([  2., 309.]), [53.27209394775846, 11.177781314521502, 54]]
[array([  2., 310.]), [53.272086186804856, 11.177781774316916, 54]]
[array([  2., 311.]), [53.27207842596642, 11.177782234105507, 54]]
[array([  1., 311.]), [53.27207867046294, 11.177795124472526, 54]]
[array([  0., 311.]), [53.27207891494776, 11.177808014223013, 54]]
[array([  0., 310.]), [53.27208667541863, 11.177807554647705, 54]]
[array([  0., 309.]), [53.27209443600464, 11.177807095065576, 54]]
[[0, 0], [0, 0, 0]]
[array([  4., 329.]), [53.27193825492435, 11.177764730388846, 54]]
[array([  5., 328.]), [53.271945766401764, 11.17775138010612, 54]]
[array([  6., 329.]), [53.27193775923381, 11.177738949178242, 54]]
[array([  6., 330.]), [53.271929999848474, 11.177739409263761, 54]]
[array([  5., 330.]), [53.2719302478834, 11.177752300070683, 54]]
[array([  4., 329.]), [53.27193825492435, 11.177764730388846, 54]]
[[0, 0], [0, 0, 0]]
[array([  9., 263.]), [53.272449426182774, 11.177669870857237, 54]]
[array([ 10., 264.]), [53.27244142269677, 11.17765743139525, 54]]
[array([ 11., 264.]), [53.27244118674268, 11.177644530459023, 54]]
[array([ 12., 264.]), [53.272440950777295, 11.177631628905363, 54]]
[array([ 13., 264.]), [53.27244071480062, 11.177618726734224, 54]]
[array([ 13., 263.]), [53.27244848308034, 11.177618265450093, 54]]
[array([ 11., 262.]), [53.272456722680936, 11.177643608311241, 54]]
[array([ 10., 262.]), [53.27245695826677, 11.1776565094611, 54]]
[array([  9., 263.]), [53.272449426182774, 11.177669870857237, 54]]
[[0, 0], [0, 0, 0]]
[array([ 10., 323.]), [53.27198333085099, 11.17768461614077, 54]]
[array([ 11., 323.]), [53.27198308404321, 11.177671721503595, 54]]
[array([ 12., 323.]), [53.27198283722362, 11.177658826249555, 54]]
[array([ 13., 323.]), [53.27198259039221, 11.177645930378608, 54]]
[array([ 13., 326.]), [53.27195930664943, 11.177647312978285, 54]]
[array([ 13., 327.]), [53.27195154563223, 11.177647773831163, 54]]
[array([ 12., 328.]), [53.27194403248064, 11.177661130014512, 54]]
[array([ 11., 328.]), [53.2719442802192, 11.177674024734962, 54]]
[array([ 10., 323.]), [53.27198333085099, 11.17768461614077, 54]]
[[0, 0], [0, 0, 0]]
[array([ 14., 214.]), [53.272829043380355, 11.177582746000214, 55]]
[array([ 15., 213.]), [53.27283659101561, 11.177569375408394, 55]]
[array([ 15., 214.]), [53.27282881659585, 11.177569837249097, 55]]
[array([ 14., 214.]), [53.272829043380355, 11.177582746000214, 55]]
[[0, 0], [0, 0, 0]]
[array([ 14., 344.]), [53.27181937526048, 11.177642713036898, 54]]
[array([ 16., 341.]), [53.271842152996484, 11.177615539502233, 54]]
[array([ 17., 341.]), [53.271841902809406, 11.177602643084791, 54]]
[array([ 18., 341.]), [53.27184165261036, 11.177589746050396, 54]]
[array([ 19., 343.]), [53.27182588173054, 11.177577771173521, 54]]
[array([ 17., 347.]), [53.271795344390235, 11.1776054100452, 54]]
[array([ 15., 346.]), [53.271803606038354, 11.177630740052923, 54]]
[array([ 14., 345.]), [53.2718116161327, 11.177643173873374, 54]]
[array([ 14., 344.]), [53.27181937526048, 11.177642713036898, 54]]
[[0, 0], [0, 0, 0]]
[array([ 19., 272.]), [53.27237714777902, 11.177544995893637, 54]]
[array([ 20., 271.]), [53.2723846788957, 11.177531628276705, 54]]
[array([ 21., 271.]), [53.2723844415393, 11.177518721912476, 54]]
[array([ 22., 271.]), [53.27238420417155, 11.177505814930438, 54]]
[array([ 26., 272.]), [53.27237548483586, 11.177454643442179, 54]]
[array([ 26., 273.]), [53.27236771520025, 11.177455106054204, 54]]
[array([ 25., 274.]), [53.27236018364588, 11.177468477792246, 54]]
[array([ 24., 275.]), [53.27235265256391, 11.17748184869158, 54]]
[array([ 22., 275.]), [53.27235312880697, 11.177507663653904, 54]]
[array([ 21., 275.]), [53.272353366911396, 11.177520570208317, 54]]
[array([ 20., 275.]), [53.27235360500443, 11.177533476144962, 54]]
[array([ 19., 274.]), [53.27236161120169, 11.177545919613992, 54]]
[array([ 19., 273.]), [53.272369379432675, 11.177545457757246, 54]]
[array([ 19., 272.]), [53.27237714777902, 11.177544995893637, 54]]
[[0, 0], [0, 0, 0]]
[array([ 22., 350.]), [53.27177080735155, 11.177542306894777, 54]]
[array([ 23., 349.]), [53.27177831564416, 11.177528945973076, 54]]
[array([ 24., 350.]), [53.271770303513655, 11.177516507960174, 54]]
[array([ 26., 352.]), [53.27175427845947, 11.177491630703033, 54]]
[array([ 27., 354.]), [53.27173850505594, 11.177479653621496, 54]]
[array([ 26., 354.]), [53.271738757752196, 11.177492554821765, 54]]
[array([ 25., 353.]), [53.27174677054864, 11.177504993455674, 54]]
[array([ 24., 352.]), [53.271754783080674, 11.177517431679131, 54]]
[array([ 22., 350.]), [53.27177080735155, 11.177542306894777, 54]]
[[0, 0], [0, 0, 0]]
[array([ 23., 263.]), [53.27244612453412, 11.17748920869868, 54]]
[array([ 24., 263.]), [53.272445888617405, 11.177476299625397, 54]]
[array([ 26., 264.]), [53.27243764607569, 11.177450942298597, 54]]
[array([ 26., 265.]), [53.27242987551674, 11.177451404965598, 54]]
[array([ 25., 265.]), [53.27243011182457, 11.17746431506105, 54]]
[array([ 23., 264.]), [53.272438354412486, 11.177489671051697, 54]]
[array([ 23., 263.]), [53.27244612453412, 11.17748920869868, 54]]
[[0, 0], [0, 0, 0]]
[array([ 30., 270.]), [53.27239007542376, 11.177402073773951, 54]]
[array([ 31., 270.]), [53.27238983813796, 11.17738916112262, 54]]
[array([ 31., 271.]), [53.27238206735031, 11.17738962428328, 54]]
[array([ 30., 270.]), [53.27239007542376, 11.177402073773951, 54]]
[[0, 0], [0, 0, 0]]
[array([ 44., 356.]), [53.27171868050444, 11.177261166677699, 54]]
[array([ 44., 357.]), [53.271710917245095, 11.177261630637094, 54]]
[array([ 45., 357.]), [53.271710663779324, 11.177248718640111, 54]]
[array([ 46., 357.]), [53.27171041030143, 11.177235806025088, 54]]
[array([ 47., 356.]), [53.27171792062251, 11.177222428511609, 54]]
[array([ 47., 355.]), [53.27172568454894, 11.177221964224344, 54]]
[array([ 46., 355.]), [53.271725937671114, 11.177234877671458, 54]]
[array([ 45., 355.]), [53.271726190781166, 11.177247790500468, 54]]
[array([ 44., 356.]), [53.27171868050444, 11.177261166677699, 54]]
[[0, 0], [0, 0, 0]]
[array([ 53., 213.]), [53.27282797216582, 11.177078380378402, 56]]
[array([ 54., 213.]), [53.27282774514201, 11.177065447381215, 56]]
[array([ 54., 214.]), [53.27281996352242, 11.177065913400257, 56]]
[array([ 53., 213.]), [53.27282797216582, 11.177078380378402, 56]]
[[0, 0], [0, 0, 0]]
[array([ 54., 279.]), [53.272314406334786, 11.177096189780737, 54]]
[array([ 55., 278.]), [53.27232194140412, 11.177082797567675, 54]]
[array([ 56., 278.]), [53.27232170235836, 11.17706987030429, 54]]
[array([ 56., 279.]), [53.27231392788586, 11.177070336087668, 54]]
[array([ 55., 279.]), [53.27231416711606, 11.177083263243825, 54]]
[array([ 54., 279.]), [53.272314406334786, 11.177096189780737, 54]]
[[0, 0], [0, 0, 0]]
[array([ 57., 240.]), [53.272616985921545, 11.177039233445441, 56]]
[array([ 58., 240.]), [53.27261675386622, 11.177026300866748, 56]]
[array([ 58., 241.]), [53.27260897463136, 11.177026767127934, 56]]
[array([ 57., 241.]), [53.27260920687135, 11.177039699599316, 56]]
[array([ 57., 240.]), [53.272616985921545, 11.177039233445441, 56]]
[[0, 0], [0, 0, 0]]
[array([ 67., 354.]), [53.27172838728226, 11.176963098975447, 54]]
[array([ 67., 355.]), [53.27172061955989, 11.176963565411771, 54]]
[array([ 68., 355.]), [53.27172036618309, 11.176950638974208, 54]]
[array([ 69., 354.]), [53.271727880884775, 11.176937245266808, 54]]
[array([ 70., 353.]), [53.27173539605803, 11.176923850718888, 54]]
[array([ 72., 351.]), [53.271750427819505, 11.176897059101167, 54]]
[array([ 71., 351.]), [53.271750680508184, 11.176909988444331, 54]]
[array([ 70., 351.]), [53.27175093318476, 11.17692291716824, 54]]
[array([ 69., 352.]), [53.271743417412324, 11.1769363119445, 54]]
[array([ 67., 354.]), [53.27172838728226, 11.176963098975447, 54]]
[[0, 0], [0, 0, 0]]
[array([ 78., 355.]), [53.27171783174751, 11.176821340541743, 54]]
[array([ 79., 357.]), [53.27170203871881, 11.17680934271795, 54]]
[array([ 78., 356.]), [53.27171006211479, 11.176821808150958, 54]]
[array([ 78., 355.]), [53.27171783174751, 11.176821340541743, 54]]
[[0, 0], [0, 0, 0]]
[array([ 80., 352.]), [53.27174063541113, 11.17679406990905, 54]]
[array([ 81., 351.]), [53.271748153076615, 11.17678066713892, 54]]
[array([ 82., 351.]), [53.271747900266845, 11.176767731600764, 54]]
[array([ 82., 352.]), [53.2717401294352, 11.176768199667135, 54]]
[array([ 81., 352.]), [53.27174038242923, 11.176781135097938, 54]]
[array([ 80., 352.]), [53.27174063541113, 11.17679406990905, 54]]
[[0, 0], [0, 0, 0]]
[array([ 84., 365.]), [53.27163860831977, 11.176748413967214, 55]]
[array([ 92., 368.]), [53.27161325174751, 11.176646316564668, 57]]
[array([ 94., 372.]), [53.27158165595964, 11.17662231178724, 57]]
[array([ 93., 373.]), [53.271574142352684, 11.176635721610177, 57]]
[array([ 92., 374.]), [53.27156662921745, 11.176649130591272, 57]]
[array([ 91., 374.]), [53.271566886387, 11.17666206985798, 57]]
[array([ 90., 374.]), [53.27156714354423, 11.176675008504764, 55]]
[array([ 86., 373.]), [53.27157594107761, 11.176726288550908, 55]]
[array([ 85., 372.]), [53.27158396694803, 11.17673875596382, 55]]
[array([ 84., 368.]), [53.271615299916846, 11.176749818497319, 55]]
[array([ 84., 367.]), [53.271623069269, 11.176749350327574, 55]]
[array([ 84., 366.]), [53.27163083873664, 11.176748882150877, 55]]
[array([ 84., 365.]), [53.27163860831977, 11.176748413967214, 55]]
[[0, 0], [0, 0, 0]]
[array([ 86., 360.]), [53.27167694894661, 11.176720199462434, 54]]
[array([ 87., 360.]), [53.27167669441773, 11.176707261791655, 54]]
[array([ 86., 361.]), [53.27166917841753, 11.176720667895632, 54]]
[array([ 86., 360.]), [53.27167694894661, 11.176720199462434, 54]]
[[0, 0], [0, 0, 0]]
[array([ 99., 373.]), [53.27157260010824, 11.176558068623667, 57]]
[array([100., 374.]), [53.27156457141737, 11.176545594135145, 57]]
[array([101., 374.]), [53.271564314136896, 11.176532649287152, 57]]
[array([101., 373.]), [53.27157208592822, 11.176532179333012, 57]]
[array([100., 373.]), [53.27157234302439, 11.176545124288506, 57]]
[array([ 99., 373.]), [53.27157260010824, 11.176558068623667, 57]]
[[0, 0], [0, 0, 0]]
[array([103., 371.]), [53.27158711636558, 11.176505347201559, 57]]
[array([104., 372.]), [53.27157908702566, 11.17649287046042, 57]]
[array([103., 372.]), [53.271579343974466, 11.176505817384706, 57]]
[array([103., 371.]), [53.27158711636558, 11.176505347201559, 57]]
[[0, 0], [0, 0, 0]]
